4.1 567 1649840287
4.7 304 1649840947
5.1 3491 1649841319
5.6 189 1649848660
5.12 441 1649848905
5.18 1476 1649849410
6.1 2198 1649853374
6.2 699 1649855631
6.4 1426 1649856524
7.1 563 1649910174
7.2 1234 1649917974
7.3 258 1649919261
8.1 699 1649919602
8.6 296 1649920793
9.1 1290 1649921848
9.4 139 1649923379
10.1 612 1649923631
10.4 48 1649925318
11.1 273 1649937870
11.4 979 1649938170
11.8 4896 1649946874
12.2 184 1650017025
12.3 2717 1650018213
12.5 202 1650021825
13.1 375 1650022095
13.2 571 1650022524
14.1 535 1650023159
14.2 195 1650023718
14.3 450 1650023942
15.1 709 1650026188
15.2 323 1650028408
16.1 964 1650028780
16.2 2923 1650029800
